ISS (ZARYA)             
1 25544U 98067A   23019.00006807  .00019221  00000+0  34615-3 0  9992
2 25544  51.6424 347.5154 0005584 239.4092 231.3801 15.49806889378659
AEROCUBE 12A            
1 43556U 18046C   23018.80869380  .00089161  00000+0  14263-2 0  9990
2 43556  51.6296 206.0900 0005540 125.2807 234.8702 15.52369995252593
AEROCUBE 12B            
1 43557U 18046D   23018.86518825  .00056454  00000+0  11015-2 0  9993
2 43557  51.6327 215.3652 0006378 109.6752 250.4924 15.46926534252424
LEMUR-2-VU              
1 43558U 18046E   23018.69847066  .00578371  00000+0  21347-2 0  9993
2 43558  51.6228 166.8482 0003404 289.8578  70.2059 15.86149021253105
LEMUR-2-TOMHENDERSON    
1 43561U 18046H   23018.63088455  .00499111  00000+0  27619-2 0  9992
2 43561  51.6352 175.4587 0001909  35.8008 324.3121 15.77621083252547
ICS-EF (ISS DEB)        
1 45265U 98067RJ  23018.93881792  .00157172  00000+0  68226-3 0  9992
2 45265  51.6310 292.3607 0000535 212.6402 147.4568 15.83849559165496
ISS DEB                 
1 47853U 98067RZ  23018.30223843  .00029836  00000+0  37940-3 0  9999
2 47853  51.6404 336.4248 0002806  81.5786 278.5525 15.59111121105366
MMSATS-1                
1 47976U 98067SJ  23018.89027329  .00127426  00000+0  74422-3 0  9990
2 47976  51.6362 312.1947 0003483  87.4970  21.0377 15.77480621104015
CSS (TIANHE)            
1 48274U 21035A   23018.82221759  .00020383  00000+0  24314-3 0  9998
2 48274  41.4764 346.4234 0005646 347.5490  91.2369 15.60554154 98476
ISS (NAUKA)             
1 49044U 21066A   23018.42561734  .00019671  00000+0  34721-3 0  9995
2 49044  51.6453 350.3445 0004455 281.5207 221.7089 15.50366821378569
FREGAT DEB              
1 49271U 11037PF  23018.63639531  .00003594  00000+0  13663-1 0  9995
2 49271  51.6048   1.6239 0913974 127.5317 241.2182 11.98561077 72913
KITSUNE                 
1 52148U 98067TK  23018.92474977  .00168786  00000+0  10350-2 0  9999
2 52148  51.6363 326.7139 0003790  70.2233  37.2772 15.76238948 46925
PROGRESS-MS 20          
1 52795U 22059A   23018.42561734  .00019671  00000+0  34721-3 0  9995
2 52795  51.6453 350.3445 0004455 281.5207 221.7089 15.50366821378566
CSS (WENTIAN)           
1 53239U 22085A   23018.38446897  .00020454  00000+0  24414-3 0  9994
2 53239  41.4763 349.0858 0005580 344.2623 152.0627 15.60536493 98404
1998-067TQ              
1 53305U 98067TQ  23018.30993776  .00397186  00000+0  18655-2 0  9994
2 53305  51.6338 337.0836 0003478  99.2583 260.8812 15.81510561 28215
YUZGU 8                 
1 53306U 98067TR  23018.88805379  .01056947  55952-3  20807-2 0  9999
2 53306  51.6248 330.3767 0006602 128.8511 231.3088 15.99501647 28354
1998-067TS              
1 53307U 98067TS  23018.91869119  .00902927  37934-3  20806-2 0  9992
2 53307  51.6269 330.5755 0006186 131.4175 228.7366 15.96654074 28382
YUZGU 9 (RS3S)          
1 53308U 98067TT  23018.88699271  .00804417  28869-3  20610-2 0  9994
2 53308  51.6279 331.1327 0006149 127.5734 232.5833 15.94686222 28405
YUZGU 7 (RS1S)          
1 53309U 98067TU  23018.88837444  .01012242  50001-3  21122-2 0  9991
2 53309  51.6255 330.3682 0006492 130.0712 230.0867 15.98460142 28361
YUZGU 11 (RS5S)         
1 53310U 98067TV  23018.87926638  .00858356  33551-3  20899-2 0  9990
2 53310  51.6293 331.0826 0005755 128.9460 231.2062 15.95642625 28387
YUZGU 12 (RS6S)         
1 53311U 98067TW  23018.88221517  .01394876  11462-2  21677-2 0  9990
2 53311  51.6231 329.5568 0006785 140.8240 219.3263 16.03685116 28425
TSIOLKOVSKY-RYAZAN 1 (*)
1 53312U 98067TX  23018.90785362  .00913801  39075-3  20758-2 0  9991
2 53312  51.6274 330.5096 0006176 128.7251 231.4311 15.96915853 28358
TSIOLKOVSKY-RYAZAN 2 (*)
1 53313U 98067TY  23018.89867032  .00924008  40215-3  20617-2 0  9998
2 53313  51.6276 330.4543 0006558 129.9866 230.1719 15.97237770 28406
YUZGU 10 (RS4S)         
1 53321U 98067TZ  23018.86295016  .00849221  32871-3  20497-2 0  9999
2 53321  51.6303 330.9716 0006061 128.1129 232.0427 15.95798660 28398
YUZGU UA                
1 53322U 98067UA  23018.87803677  .00940032  42826-3  19091-2 0  9990
2 53322  51.6289 330.3067 0006419 132.3285 227.8269 15.98927219 28351
HSU-SAT1                
1 53462U 98067UB  23018.27996886  .00215258  00000+0  15783-2 0  9997
2 53462  51.6346 340.6425 0005651  44.6002 315.5450 15.71934926 24796
FUTABA                  
1 53463U 98067UC  23018.57773144  .00355375  00000+0  18093-2 0  9993
2 53463  51.6310 336.5991 0005597  71.6839 288.4771 15.79854154 24872
TUMNANOSAT              
1 53464U 98067UD  23018.14749321  .00619234  16208-3  19002-2 0  9996
2 53464  51.6293 335.9420 0006152  98.6389 261.5314 15.91247934 24848
D3                      
1 53767U 98067UE  23018.89906744  .00132232  00000+0  12882-2 0  9994
2 53767  51.6368 341.0651 0005003  62.4743 297.6761 15.65296173 20963
BEAVERCUBE              
1 53768U 98067UF  23018.52694415  .00129592  00000+0  12888-2 0  9995
2 53768  51.6386 343.0763 0003484  65.6274 294.5084 15.64794425 20916
CLICK-A                 
1 53769U 98067UG  23018.61050412  .00321318  00000+0  21329-2 0  9999
2 53769  51.6462 339.9399 0003765  80.8461 279.2964 15.73958501 20969
CAPSAT 1                
1 53770U 98067UH  23018.15915892  .00835233  30414-3  23739-2 0  9991
2 53770  51.6300 337.5456 0007213 114.0423 246.1339 15.92718878 20950
JAGSAT 1                
1 53771U 98067UJ  23018.58037632  .01876085  26105-2  25089-2 0  9998
2 53771  51.6235 333.5647 0007489 133.4444 226.7193 16.06499893 21030
ISS DEB                 
1 53772U 98067UK  23018.18753017  .00276336  00000+0  18930-2 0  9999
2 53772  51.6342 342.2837 0004038  64.2835 295.8580 15.73355503 20881
SOYUZ-MS 22             
1 53879U 22116A   23018.42561734  .00019671  00000+0  34721-3 0  9993
2 53879  51.6453 350.3445 0004455 281.5207 221.7089 15.50366821378560
CREW DRAGON 5           
1 53963U 22124A   23018.42561734  .00019671  00000+0  34721-3 0  9996
2 53963  51.6453 350.3445 0004455 281.5207 221.7089 15.50366821378564
PROGRESS-MS 21          
1 54155U 22140A   23017.57369539  .00020897  00000+0  36869-3 0  9999
2 54155  51.6459 354.5681 0004449 278.9561 146.3440 15.50337058378437
CSS (MENGTIAN)          
1 54216U 22143A   23018.38446897  .00020454  00000+0  24414-3 0  9995
2 54216  41.4763 349.0858 0005580 344.2623 152.0627 15.60536493 98400
CYGNUS NG-18            
1 54232U 22149A   23018.42561734  .00019671  00000+0  34721-3 0  9993
2 54232  51.6453 350.3445 0004455 281.5207 221.7089 15.50366821378564
TIANZHOU-5              
1 54237U 22152A   23018.38446897  .00020454  00000+0  24414-3 0  9998
2 54237  41.4763 349.0858 0005580 344.2623 152.0627 15.60536493 98403
SHENZHOU-15             
1 54379U 22162A   23018.38446897  .00020454  00000+0  24414-3 0  9996
2 54379  41.4763 349.0858 0005580 344.2623 152.0627 15.60536493 98400
1998-067UL              
1 54534U 98067UL  23018.64016028  .00099533  00000+0  14196-2 0  9993
2 54534  51.6410 348.3326 0002097 314.9379  45.1442 15.55486960  7403
1998-067UM              
1 54535U 98067UM  23018.97076306  .00106766  00000+0  14744-2 0  9991
2 54535  51.6409 346.5662 0002730 319.4915 146.2936 15.56327003  7454
1998-067UN              
1 54536U 98067UN  23018.98657446  .00082856  00000+0  12030-2 0  9992
2 54536  51.6439 346.6664 0002587 308.7013 160.0402 15.55085736  7412
1998-067UP              
1 54537U 98067UP  23018.97895685  .00093038  00000+0  13217-2 0  9993
2 54537  51.6428 346.6190 0002648 295.5237 171.7646 15.55624548  7457
XW-4 (CAS-10)           
1 54816U 21035C   23018.92528764  .00220671  00000+0  18426-2 0  9992
2 54816  41.4776 344.7408 0003160 101.0457 259.0702 15.68542146  4868
MARIO                   
1 55123U 98067UQ  23018.44246233  .00111697  00000+0  17194-2 0  9996
2 55123  51.6426 350.0112 0001357 352.9873   7.1098 15.53340748  3173
NUTSAT                  
1 55124U 98067UR  23018.63213913  .00155009  00000+0  22941-2 0  9998
2 55124  51.6418 349.0292 0000546  12.5847 347.5157 15.54239031  3193
LORIS                   
1 55125U 98067US  23018.63833236  .00087454  00000+0  13749-2 0  9999
2 55125  51.6424 349.0700 0002334 336.3057  23.7825 15.52873700  3215
ORCASAT                 
1 55126U 98067UT  23018.64000944  .00077620  00000+0  12353-2 0  9997
2 55126  51.6430 349.0809 0002479 333.4409  26.6453 15.52587679  3218
DANTESAT                
1 55127U 98067UU  23018.90496262  .00866736  00000+0  53085-2 0  9990
2 55127  51.6392 346.3443 0010571 150.4155 209.7444 15.74253693  3233
TJREVERB                
1 55128U 98067UV  23018.64193429  .00086443  00000+0  13741-2 0  9995
2 55128  51.6422 349.0936 0003231 305.7789  54.2901 15.52570014  3201
SPORT                   
1 55129U 98067UW  23018.45444077  .00048985  00000+0  81445-3 0  9999
2 55129  51.6423 350.0903 0001871 290.5705  69.5083 15.51566105  3177
PETITSAT                
1 55130U 98067UX  23018.51647490  .00139744  00000+0  21921-2 0  9998
2 55130  51.6418 349.7550 0001353 251.6855 108.3988 15.52696102  3139
1998-067UY              
1 55181U 98067UY  23018.13363451  .00080358  00000+0  12942-2 0  9993
2 55181  51.6417 351.6973 0003387 227.5193 132.5510 15.52238276  1830
HSKSAT                  
1 55182U 98067UZ  23018.32675981  .00076505  00000+0  12436-2 0  9996
2 55182  51.6418 350.7371 0002982 213.9192 146.1608 15.52003046  1870
1998-067VA              
1 55183U 98067VA  23017.36136408  .00050739  00000+0  83855-3 0  9991
2 55183  51.6423 355.5401 0004742 312.4051  47.6537 15.51710791  1720
DRAGON CRS-26 DEB       
1 55241U 22159B   23018.82087005  .02361363  11594-4  11371-2 0  9993
2 55241  51.6322 344.9695 0067818 188.1786 172.6255 16.14809584  1204
